    0     0     0     0     0     0     0     0 
    0     0     0     0     0     0     0     0 
    0     0     0     0     0     0     0     0 
    0     0     0     0     0     0     0     0 
    0     0     0     0     0     0     0     0 
    0     0     0     0     0     0     0     0 
    0     0     0     0     0     0     0     0 
    0     0     0     0     0     0     0     0 

   50    50    50    50    50    50    50    50 
   50    50    50    50    50    50    50    50 
   50    50    50    50    50    50    50    50 
   50    50    50    50    50    50    50    50 
   50    50    50    50    50    50    50    50 
   50    50    50    50    50    50    50    50 
   50    50    50    50    50    50    50    50 
   50    50    50    50    50    50    50    50 

  254   254   254   254   254   254   254   254 
  254   254   254   254   254   254   254   254 
  254   254   254   254   254   254   254   254 
  254   254   254   254   254   254   254   254 
  254   254   254   254   254   254   254   254 
  254   254   254   254   254   254   254   254 
  254   254   254   254   254   254   254   254 
  254   254   254   254   254   254   254   254 

  204   204   204   204   204   204   204   204 
  204   204   204   204   204   204   204   204 
  204   204   204   204   204   204   204   204 
  204   204   204   204   204   204   204   204 
  204   204   204   204   204   204   204   204 
  204   204   204   204   204   204   204   204 
  204   204   204   204   204   204   204   204 
  204   204   204   204   204   204   204   204 

